
stereo_calibration:
  image_size: [1280, 720]
  K0:
    rows: 3
    cols: 3
    dt: d
    data: [ 8.1284029829849180e+02, 0., 6.6727956293809564e+02, 0.,
        8.1262043439486717e+02, 3.7670353919260515e+02, 0., 0., 1. ]
  D0:
    rows: 5
    cols: 1
    dt: d
    data: [ 2.1461172855871465e-02, -1.2258718269081521e-01,
        1.2066260242385610e-04, 1.3944479034891009e-03,
        1.0714625603005087e-01]
  K1:
    rows: 3
    cols: 3
    dt: d
    data: [ 8.1466695482610555e+02, 0., 6.4758300142598296e+02, 0.,
        8.1448289846674186e+02, 3.7842458260233474e+02, 0., 0., 1. ]
  D1:
    rows: 5
    cols: 1
    dt: d
    data: [ 1.2481899374428793e-02, -8.5625479856271169e-02,
        -8.4814281401935265e-04, 1.3528306624853400e-03,
        5.3103204031621012e-02]
  R:
    rows: 3
    cols: 3
    dt: d
    data: [ 9.9995810955948061e-01, -1.5632602779399477e-03,
        -9.0186109536438998e-03, 1.5493111466893469e-03,
        9.9999759315793435e-01, -1.5534842481252269e-03,
        9.0210177474891809e-03, 1.5394465375076129e-03,
        9.9995812479481250e-01 ]
  T:
    rows: 3
    cols: 1
    dt: d
    data: [ -7.3951094525042865e-02, -2.1900501694381059e-04,
        -1.0129092890389898e-03 ]
  R0:
    rows: 3
    cols: 3
    dt: d
    data: [ 9.9998807551920454e-01, 1.4191635335414796e-03,
        4.6727715825661143e-03, -1.4155563515846886e-03,
        9.9999869765148852e-01, -7.7517452368401076e-04,
        -4.6738655964051416e-03, 7.6855070863708934e-04,
        9.9998878209217668e-01 ]
  R1:
    rows: 3
    cols: 3
    dt: d
    data: [ 9.9990182514724868e-01, 2.9611937127478919e-03,
        1.3695670812216655e-02, -2.9717642978846848e-03,
        9.9999530189673524e-01, 7.5153271054889735e-04,
        -1.3693381034603498e-02, -7.9215923449102292e-04,
        9.9990592747497420e-01 ]
  P0:
    rows: 3
    cols: 4
    dt: d
    data: [ 8.1355166643080452e+02, 0., 6.4721405792236328e+02, 0., 0.,
        8.1355166643080452e+02, 3.7733134078979492e+02, 0., 0., 0., 1.,
        0. ]
  P1:
    rows: 3
    cols: 4
    dt: d
    data: [ 8.1355166643080452e+02, 0., 6.4721405792236328e+02,
        -6.0168943262375564e+01, 0., 8.1355166643080452e+02,
        3.7733134078979492e+02, 0., 0., 0., 1., 0. ]
  E:
    rows: 3
    cols: 3
    dt: d
    data: [ -4.0633649254599559e-07, 1.0125697046112732e-03,
        -2.2056938468909077e-04, -3.4575272166600414e-04,
        1.1542719726818648e-04, 7.3957132842594961e-02,
        1.0442258766964842e-04, -7.3951258898281413e-02,
        1.1290673943156138e-04 ]
  F:
    rows: 3
    cols: 3
    dt: d
    data: [ -1.5824887827603304e-09, 3.9445478594720635e-06,
        -2.1831100552575106e-03, -1.3468478915156276e-06,
        4.4975767306561843e-07, 2.3490306242093217e-01,
        8.4201119230054792e-04, -2.3741645200887024e-01,
        9.9999999999999989e-01 ]
