



cam0:
    intrinsics: [798.8497924804688, 798.8497924804688, 643.737548828125, 415.4217529296875]
    distortion_coeffs: [-9.535727500915527,
                    101.45219421386719,
                    -0.0005904081626795232,
                    0.0012537626316770911,
                    -56.149658203125,
                    -9.580544471740723,
                    100.81672668457031,
                    -54.362125396728516]


cam1:
    intrinsics: [796.3856201171875, 796.3856201171875, 661.8456420898438, 412.5763244628906]
    distortion_coeffs: [-9.378694534301758,
                      97.73828125,
                      -0.0001613613567315042,
                      0.0009019290446303785,
                      -54.73212432861328,
                      -9.426899909973145,
                      97.14865112304688,
                      -53.132266998291016]
    T_cn_cnm1:
    - [0.9998492002487183, -0.0014836242189630866, -0.0173039548099041, -0.074850006103515625]
    - [0.0014287254307419062, 0.9999939203262329, -0.0031845488119870424, -0.000377003438770771]
    - [0.01730857416987419, 0.0031593460589647293, 0.9998452067375183, -0.000005207685753703117]
    - [0.0, 0.0, 0.0, 1.0]
